10000 10000 1000 1e+08 1
10000 10000 1000 1e+08 1
10000 10000 1000 1e+08 1
10000 10000 1000 1e+08 1
10000 10000 1000 1e+08 1
10000 10000 1000 1e+08 1
10000 10000 1000 1e+08 1
10000 10000 1000 1e+08 1
10000 10000 1000 1e+08 1
10000 10000 1000 1e+08 1
10000 10000 1000 1e+08 1
10000 10000 1000 1e+08 1
10000 10000 1000 1e+08 1
10000 10000 1000 1e+08 1
10000 10000 1000 1e+08 1
10000 10000 1000 1e+08 1
10000 10000 1000 1e+08 1
10000 10000 1000 1e+08 1
10000 10000 1000 1e+08 1
10000 10000 1000 1e+08 1
10000 10000 1000 1e+08 1
10000 10000 1000 1e+08 1
10000 10000 1000 1e+08 1
10000 10000 1000 1e+08 1
10000 10000 1000 1e+08 1
10000 10000 1000 1e+08 1
10000 10000 1000 1e+08 1
10000 10000 1000 1e+08 1
10000 10000 1000 1e+08 1
10000 10000 1000 1e+08 1
10000 10000 1000 1e+08 1
10000 10000 1000 1e+08 1
10000 10000 1000 1e+08 1
10000 10000 1000 1e+08 1
10000 10000 1000 1e+08 1
10000 10000 1000 1e+08 1
10000 10000 1000 1e+08 1
10000 10000 1000 1e+08 1
10000 10000 1000 1e+08 1